Image After Rendering: 
0000000000000000000000000000000000000000000000000000000000000000000000000000000000000000000000000000000000000000000000000000000000000000000000000000000000000000000000000000000000000000000000000000000000000000000000000000000000000000000000000000000000000000
0000000000000000000000000000000000000000000000000000000000000000000111111111111010000000000000000000000000000000000000000000000000000000000000000000000000000000000000000000000000000000000000000000000000000000000000000000000000000000000000000000000000000000
0000000000000000000000000000000000000000000000000000000000000000111111111111110010000000000000000000000000000000000000000000000000000000000000000000000000000000000000000000000000000000000000000000000000000000000000000000000000000000000000000000000000000000
0000000000000000000000000000000000000000000000000000000000001111111111111111111111000000000000000000000000000000000000000000000000000000000000000000000000000000000000000000000000000000000000000000000000000000000000000000000000000000000000000000000000000000
0000000000000000000000000000000000000000000000000000000011111110011111111111111111000000000000000000000000000000000000000000000000000000000000000000000000000000000000000000000000000000000000000000000000000000000000000000000000000000000000000000000000000000
0000000000000000000000000000000000000000000000000000000000011111111111111111111111100000000000000000000000000000000000000000000000111100000000000000000000000000000000000000000000000000000000000000000000000000000000000000000000000000000000000000000000000000
0000000000000000000000000000000000000000000000000000000000001111111111111100011111100000000000000000000000000000000000000000000000111111110000000000000000000000000000000000000000000000000000000000000000000000000000000000000000000000000000000000000000000000
0000000000000000000000000000000000000000000000000000000000011000111111111000011111100000000000000000000000000000000000000000000011111111111111000000000000000000000000000000000000000000000000000000000000000000000000000000000000000000000000000000000000000000
0000000000000000000000000000000000000000000000000000000001111000001111001111111111100000000000000000000000000000000000000000011111011111111111000000000000000000000000000000000000000000000000000000000000000000000000000000000000000000000000000000000000000000
0000000000000000000000000000000000000000000000000000000011111000000011111111111111110000000000000000000000000000000000000000011111010011111111000000000000000000000000000000000000000000000000000000000000000000000000000000000000000000000000000000000000000000
0000000000000000000000000000000000000000000000000000001111111000111111111111111111110000000000000000000000000000000000000000010010010000011111000000000000000000000000000000000000000000000000000000000000000000000000000000000000000000000000000000000000000000
0000000000000000000000000000000000000000000000000000000011111111111111111111111111111000000000000000000000000000000000011011111110010000000101000000000000000000000000000000000000000000000000000000000000000000000000000000000000000000000000000000000000000000
0000000000000000000000000000000000000000000000000000000111111111111111111111111111111000000000000000000000000000000000011011111111101111111111111110000000000000000000000000000000000000000000000000000000000000000000000000000000000000000000000000000000000000
0000000000000000000000000000000000000000000000000000000001111111111111111111111111111100000000000000000000000000000000011011111111101111111001111111000000000000000000000000000000000000000000000000000000000000000000000000000000000000000000000000000000000000
0000000000000000000000000000000000000000000000000000000011111111111111111111111111111100000000000000000000000000000000010001111111001111100001111100000000000000000000000000000000000000000000000000000000000000000000000000000000000000000000000000000000000000
0000000000000000000000000000000000000000000000000000001111111111111111111111111111111100000000000000000000000000000000010001101111001111000000111000000000000000000000000000000000000000000000000000000000000000000000000000000000000000000000000000000000000000
0000000000000000000000000000000000000000000000000000111111111111111111111111111111111110000000000000000000000000000000010000100110001100000000101000000000000000000000000000000000000000000000000000000000000000000000000000000000000000000000000000000000000000
0000000000000000000000000000000000000000000000000000011111111111111111111111111111111110000000000000000000000000000000000000100010001000000000000000001000000000000000000000000000000000000000000000000000000000000000000000000000000000000000000000000000000000
0000000000000000000000000000000000000000000000000000011111111111111111111111111111100110000000000000000000000000000000000000000000000000000000000000000100000000000000000000000000000000000000000000000000000000000000000000000000000000000000000000000000000000
0000000000000000000000000000000000000000000000000000011111111111111111111111111111100111000000000000000000000000000000000000000000000000000000000000000000000000000000000000000000000000000000000000000000000000000000000000000000000000000000000000000000000000
0000000000000000000000000000000000000000000000000000011111111111111111111111111111000111000000000000000000000000000000000000000000000000000000000000000000000000000000000000000000000000000000000000000000000000000000000000000000000000000000000000000000000000
0000000000000000000000000000000000000000000000000000011111111111111111111111111110000011000000000000000000000000000000000000000000000000000000000000000000000000000000000000000000000000000000000000000000000000000000000000000000000000000000000000000000000000
0000000000000000000000000000000000000000000000000000011111111111111111111111111110000011100000000000000000000000000000000000000000000000000000000000000000000000000000000000000000000000000000000000000000000000000000000000000000000000000000000000000000000000
0000000000000000000000000000000000000000000000000000011111111111111111111111111100000011100000000000000000000000000000000000000000000000000000000000000000000000000000000000000000000000000000000000000000000000000000000000000000000000000000000000000000000000
0000000000000000000000000000000000000000000000000000011111111111111111111111111100001111100000000000000000000000000000000000000000000000000000000000000000000000000000000000000000000000000000000000000000000000000000000000000000000000000000000000000000000000
0000000000000000000000000000000000000000000000000000011111111111111111111111111001111011100000000000000000000000000000000000000000000000000000000000000000000000000000000000000000000000000000000000000000000000000000000000000000000000000000000000000000000000
0000000000000000000000000000000000000000000000000000011111111111111111111111111111111011100000000000000000000000000000000000000000000000000000000000000000000000000000000000000000000000000000000000000000000000000000000000000000000000000000000000000000000000
0000000000000000000000000000000000000000000000000000011111111111111111111111110011111111100000000000000000000000000000000000000000000000000000000000000000000000000000000000000000000000000000000000000000000000000000000000000000000000000000000000000000000000
0000000000000000000000000000000000000000000000000000011111111111111111111111100011111111100000011111111111110000000000000000000000000000000000000000000000000000000000000000000000000000000000000000000000000000000000000000000000000000000000000000000000000000
0000000000000000000000000000000000000000000000000000001111111111111111111111111111111111111111111111111111111111100000000000000000000000000000000000000000000000000000000000000000000000000000000000000000000000000000000000000000000000000000000000000000000000
0000000000000000000000000000000000000000000000000000001111111111111111111110011111111111100000011111111111111111000000000001100000000000000000000000000000000000000000000000000000000000000000000000000000000000000000000000000000000000000000000000000000000000
0000000000000000000000000000000000000000000000000000000111111111111111111100001111110000000000000000001111111111111000000000111110000000000000000000000000000000000000000000000000000000000000000000000000000000000000000000000000000000000000000000000000000000
0000000000000000000000000000000000000000000000000000000111111111111111111000001111111111111111111111110111111100000000000000011111000000000000000000000000000000000000000000000000000000000000000000000000000000000000000000000000000000000000000000000000000000
0000000000000000000000000000000000000000000000000000000011111111111111100001111111111111111111111111110111111111111000000000001111111000000000000000000000000000000000000000000000000000000000000000000000000000000000000000000000000000000000000000000000000000
0000000000000000000000000000000000000000000000000000000011111111110110011111111111111111111111111111110111111111111111111000000111111110000000000000000000000000000000000000000000000000000000000000000000000000000000000000000000000000000000000000000000000000
0000000000000000000000000000000000000000000000000000000001111111100111111111111111111111111111111111110111111111111111111111000111111111100000000000000000000000000000000000000000000000000000000000000000000000000000000000000000000000000000000000000000000000
0000000000000000000000000000000000000000000000000000000001111111101101111111111111111111111111111111110111111111111111111111110101111111111000000000000000000000000000000000000000000000000000000000000000000000000000000000000000000000000000000000000000000000
0000000000000000000000000000000000000000000000000000000000111111011101111111111111111111111111111111101111111111111111111111111100111111111110000000000000000000000000000000000000000000000000000000000000000000000000000000000000000000000000000000000000000000
0000000000000000000000000000000000000000000000000000000000111110111101111111111111111111111111111111101111111111111111111111111110011111111111000000000000000000000000000000000000000000000000000000000000000000000000000000000000000000000000000000000000000000
0000000000000000000000000000000000000000000000000000000000111111111101111111111111111111111111111111101111111111111111111111111111101111111111010000000000000000000000000000000000000000000000000000000000000000000000000000000000000000000000000000000000000000
0000000000000000000000000000000000000000000000000000000000011111111111111111111111111111111111111111101111111111111111111111111111111000011001111000000000000000000000000000000000000000000000000000000000000000000000000000000000000000000000000000000000000000
0000000000000000000000000000000000000000000000000000000000111111111110111111111111111111111111111111101111111111111111111111111111111111010000111100000000000000000000000000000000000000000000000000000000000000000000000000000000000000000000000000000000000000
0000000000000000000000000000000000000000000000000000000001111111111110111111111111111111111111111111111111111111111111111111111111111111111000111110000000000000000000000000000000000000000000000000000000000000000000000000000000000000000000000000000000000000
0000000000000000000000000000000000000000000000000000000011111111111110111111111111111111111111111111111111111111111111111111111111111111010010111111000000000000000000000000000000000000000000000000000000000000000000000000000000000000000000000000000000000000
0000000000000000000000000000000000000000000000000000000111111111111110111111111111111111111111111111111111111111110101111111111111111111011000111111000000000000000000000000000000000000000000000000000000000000000000000000000000000000000000000000000000000000
0000000000000000000000000000000000000000000000000000001111111111111111111111111111111111111111111111111111111111110111011111111111111111011100011111100000000000000000000000000000000000000000000000000000000000000000000000000000000000000000000000000000000000
0000000000000000000000000000000000000000000000000000011111111111110111111111111111111111111111111111111111111111110111110111111111111110111110001111000000000000000000000000000000000000000000000000000000000000000000000000000000000000000000000000000000000000
0000000000000000000000000000000000000000000000000000111111111100111111111111111111111111111111111111111111111111110111111111111111111110111111101100000000000000000000000000000000000000000000000000000000000000000000000000000000000000000000000000000000000000
0000000000000000000000000000000000000000000000000001111111100111111111111111111111111111111111111111111111111111110111111111111111111110111111111110000000000000000000000000000000000000000000000000000000000000000000000000000000000000000000000000000000000000
0000000000000000000000000000000000000000000000000011111000111111111111111111111111111111111111111111111111111111110111111111111111111101111111111011000000000000000000000000000000000000000000000000000000000000000000000000000000000000000000000000000000000000
0000000000000000000000000000000000000000000000000011110111111111111111111111111111111111111111111111111111111111110111111111111111111101111111111101100000000000000000000000000000000000000000000000000000000000000000000000000000000000000000000000000000000000
0000000000000000000000000000000000000000000000000111111111111111111111111111111111111111111111111111111111111111110111111111111111111101111111111110110000000000000000000000000000000000000000000000000000000000000000000000000000000000000000000000000000000000
0000000000000000000000000000000000000000000000000111111111111111111111111111111111111111111111111111111111111111100111111111111111111111111111111111110000000000000000000000000000000000000000000000000000000000000000000000000000000000000000000000000000000000
0000000000000000000000000000000000000000000000001111111111111111111111111111111111111111111111111111111111111111100111111111111111111011111111111111111000000000000000000000000000000000000000000000000000000000000000000000000000000000000000000000000000000000
0000000000000000000000000000000000000000000000001111111111111111111111111111111111111111111111111111111111111111100111111111111111111011111111111111111100000000000000000000000000000000000000000000000000000000000000000000000000000000000000000000000000000000
0000000000000000000000000000000000000000000000010111111111111111111111111111111111111111111111111111111111111111100111111111111111110111111111111111111110000000000000000000000000000000000000000000000000000000000000000000000000000000000000000000000000000000
0000000000000000000000000000000000000000000000111111111111111111111111111111111111111111111111111111111111111111100111111111111111110111111111111111111111000000000000000000000000000000000000000000000000000000000000000000000000000000000000000000000000000000
0000000000000000000000000000000000000000000000101111111101100000000111111111111111111111111111111111111111111111100111111111111111110111111111111111111111000000000000000000000000000000000000000000000000000000000000000000000000000000000000000000000000000000
0000000000000000000000000000000000000000000001011111111011111111111100000000111111111111111111111111111111111111100111111111111111101111111111111111111111100000000000000000000000000000000000000000000000000000000000000000000000000000000000000000000000000000
0000000000000000000000000000000000000000000001011111110011111111111111111111111111111111111111111111111111111111111111111111111111101111111111111111111011110000000000000000000000000000000000000000000000000000000000000000000000000000000000000000000000000000
0000000000000000000000000000000000000000000010111111100111111111111111111111101111111111111111111111111111111111001111111111111111101111111111111111110111110000000000000000000000000000000000000000000000000000000000000000000000000000000000000000000000000000
0000000000000000000000000000000000000000000001111111011111111111111111111111101111111111111111111111111111111111001111111111111111011111111111111111101111111000000000000000000000000000000000000000000000000000000000000000000000000000000000000000000000000000
0000000000000000000000000000000000000000000111111110111111111111111111111111111111111111111111111111111111111111001111111111111111011111111111111111011111111000000000000000000000000000000000000000000000000000000000000000000000000000000000000000000000000000
0000000000000000000000000000000000000000001011111101111111111111111111111111111111111111111111111111111111111111001111111011111111011111111111111110111111111100000000000000000000000000000000000000000000000000000000000000000000000000000000000000000000000000
0000000000000000000000000000000000000000000111110111111111111111111111111111110111111111111111111111111111111111001111111110111110111111111111111101111111111100000000000000000000000000000000000000000000000000000000000000000000000000000000000000000000000000
0000000000000000000000000000000000000000011111101111111111111111111111111111110111111111111111111111111111111111001111111111101110111111111111111111111111111110000000000000000000000000000000000000000000000000000000000000000000000000000000000000000000000000
0000000000000000000000000000000000000000011111011111111111111110001111111111111111111111111111111111111111111111001111111111111011111111111111100111111111111110000000000000000000000000000000000000000000000000000000000000000000000000000000000000000000000000
0000000000000000000000000000000000000000011111111111111111110000111111111111111111111111111111111111111111111111001111111111111111111111111111001111111111111111000000000000000000000000000000000000000000000000000000000000000000000000000000000000000000000000
0000000000000000000000000000000000000000111111111111111111000111111111111111111011111111111111111111111111111111001111111111111100111111111110011111111111111111000000000000000000000000000000000000000000000000000000000000000000000000000000000000000000000000
0000000000000000000000000000000000000001111111111111111000111111111111111111111011111111111111111111111111111111001111111111111000011111111001111111111111111111100000000000000000000000000000000000000000000000000000000000000000000000000000000000000000000000
0000000000000000000000000000000000000011111111111111000011111111111111111111111111111111111111111111111111111111001111111111111000001111110011111111111111111111100000000000000000000000000000000000000000000000000000000000000000000000000000000000000000000000
0000000000000000000000000000000000000000000000111110011111111111111111111111111111111111111111111111111111111111001111111111111000000111100111111111111101111111100000000000000000000000000000000000000000000000000000000000000000000000000000000000000000000000
0000000000000000000000000000000000000000000000000011111111111111111111111111111101111111111111111111111111111111001111111111110000000011001111111111100111111111100000000000000000000000000000000000000000000000000000000000000000000000000000000000000000000000
0000000000000000000000000000000000000000001000000000000011111111111111111111111101111111111111111111111111111111001111111111110000000011111111111111111111111111100000000000000000000000000000000000000000000000000000000000000000000000000000000000000000000000
0000000000000000000000000000000000000000001000000000000000000011111111111111111111111111111111111111111111111111001111111111110000000001111111110001111111111111110000000000000000000000000000000000000000000000000000000000000000000000000000000000000000000000
0000000000000000000000000000000000000000001100000000000000000011111111111111111111111111111111111111111111111111001111111111100000000001111110000111111111111111110000000000000000000000000000000000000000000000000000000000000000000000000000000000000000000000
0000000000000000000000000000000000000001001100000000000000000011111111111111111110111111111111111111111111111111001111111111100000000000111000011111111111111111110000000000000000000000000000000000000000000000000000000000000000000000000000000000000000000000
0000000000000000000000000000000000000001001110000000000000000011111111111110101110111111111111111111111111111111011111111111100000000000100001111111111111111111110000000000000000000000000000000000000000000000000000000000000000000000000000000000000000000000
0000000000000000000000000000000000000001001110000000000000000011111111111110000001111111111111111111111100111111111111111111000000000000011111111111111111111111110000000000000000000000000000000000000000000000000000000000000000000000000000000000000000000000
0000000000000000000000000000000000000001001111000000000000000001111111111110000001111111111111011111111111111111111111111111000000000000011111111111111111111111110000000000000000000000000000000000000000000000000000000000000000000000000000000000000000000000
0000000000000000000000000000000000000001001111000000000000000001111111111110000001111111111111001111111111111111111111111111000000000000011111111111111111111111110000000000000000000000000000000000000000000000000000000000000000000000000000000000000000000000
0000000000000000000000000000000000000001001111100000000000000001111111111110000011111111111111000111111111111111111111111110000000000000011111111111111111111111110000000000000000000000000000000000000000000000000000000000000000000000000000000000000000000000
0000000000000000000000000000000000000001101111100000000000000001111111111110000011111111111111000011111111111111111111111110000000000000011111111111111111111111110000000000000000000000000000000000000000000000000000000000000000000000000000000000000000000000
0000000000000000000000000000000000000001101111110000000000000000111111111110000111111111111111111101111111111111111111111110000000000000011111111111111111111111110000000000000000000000000000000000000000000000000000000000000000000000000000000000000000000000
0000000000000000000000000000000000000001101111110000000000000000111111111110000111111111111111011001111111111111111111111110010000000000011111111111111111111111110000000000000000000000000000000000000000000000000000000000000000000000000000000000000000000000
0000000000000000000000000000000000000001101111111000000000000000111111111110001111111111111111111000111111111111111111111111001100000000011111111111111111111111110000000000000000000000000000000000000000000000000000000000000000000000000000000000000000000000
0000000000000000000000000000000000000001101111111000000000000000111111111110001111111111111111111000001111111111111111111111001111000000011111111111111111111111110000000000000000000000000000000000000000000000000000000000000000000000000000000000000000000000
0000000000000000000000000000000000000001101111111100000000000000011111111110001111111111111111111000000111111111100111111111100111100000011111111111111111111111110000000000000000000000000000000000000000000000000000000000000000000000000000000000000000000000
0000000000000000000000000000000000000001111111111100000000000000011111111110011111111111111110111000000111111111100001111111110111111000011111111111111111111111110000000000000000000000000000000000000000000000000000000000000000000000000000000000000000000000
0000000000000000000000000000000000000001111111111100000000000000011111111110011111111111111110111011111111111111000001111111110011111110011111111111111111111111110000000000000000000000000000000000000000000000000000000000000000000000000000000000000000000000
0000000000000000000000000000000000000001111111111001111100000000011111111110111111111111111111011001111111111111000001111111111011111111011111111111111111111111110000000000000000000000000000000000000000000000000000000000000000000000000000000000000000000000
0000000000000000000000000000000000000001111111100001111111111000011111111110111111111111111110001000111110111111000001111111111101111111111111111111111111111111110000000000000000000000000000000000000000000000000000000000000000000000000000000000000000000000
0000000000000000000000000000000000000001111110000001111111111111110011111111111001111111111100000000011100011111000011111111111100111111111111111111111111111111110000000000000000000000000000000000000000000000000000000000000000000000000000000000000000000000
0000000000000000000000000000000000000001111000000001111111111111110000011111100001111111111111111111111000001111000111111111111110111111111111111111111111111111110000000000000000000000000000000000000000000000000000000000000000000000000000000000000000000000
0000000000000000000000000000000000000001000100000001111111111111100000000010000001111111111111111111110000000111001111111001111111011111111111111111111111111111110000000000000000000000000000000000000000000000000000000000000000000000000000000000000000000000
0000000000000000000000000000000000000000000111000001111111111111000000000011110001111111111111111111110000000011011111110001111111011111111111111111111111111111110000000000000000000000000000000000000000000000000000000000000000000000000000000000000000000000
0000000000000000000000000000000000000000000111110001111111111111000000000111111111111111111111111111100000000001111111110001111111101111111111111111111111111111110000000000000000000000000000000000000000000000000000000000000000000000000000000000000000000000
0000000000000000000000000000000000000000100111111101111111111110000000011111111111111111111111111111100000011111111111110001111111101111111111111111111111111111110000000000000000000000000000000000000000000000000000000000000000000000000000000000000000000000
0000000111100000000000000000000000000000100111111111111111111100000001111111111111111111111111111111111111111111111111100001111111110111111111111111111111111111110000000000000000000000000000000000000000000000000000000000000000000000000000000000000000000000
0000000111111110000000000000000000000000110111111100111111111000000111111111111110111111111011111111111111111110111111100001111111110011111111111111111111111111110000000000000000000000000000000000000000000000000000000000000000000000000000000000000000000000
0000000111111111110000000000000000000000110111111000011111111000011111111111111110011111111001111111111111111111111111111111111111110011111111111111111001111111110000000000000000000000000000000000000000000000000000000000000000000000000000000000000000000000
0000000111111111111100000000000000000000110111110000001111110001111111111111111110011111111000011111111111111111111111011111111111110001111111111111111000011111110000000000000000000000000000000000000000000000000000000000000000000000000000000000000000000000
0000111011111111110110000000000000000000111111000000000111100111111111111111111110001111110000001111111111111111111111011111111111110001111111111111110000000111110000000000000000000000000000000000000000000000000000000000000000000000000000000000000000000000
0010111011111001111111100000000000000000111110000000000011011111111111111111111110000111110000000111111111111111111111111111111111110000111111111111110000000001110000000000000000000000000000000000000000000000000000000000000000000000000000000000000000000000
0000101100111111111111100000000000000000111100000000000001111111111111111111111111000111110000000011111111111111111111111111111111110000011111111111100000000010010000000000000000000000000000000000000000000000000000000000000000000000000000000000000000000000
0100101101111111111111111000000000000000110011111111111110001111111111111111111111000111110000000001111111111111111111111111111111110000011111111111100000000100000000000000000000000000000000000000000000000000000000000000000000000000000000000000000000000000
0000101111111111111111111100000000000000100001111111111100000011111111111111111111000011100000000001111111111111111111111111111111100000001111111111000000001000000000000000000000000000000000000000000000000000000000000000000000000000000000000000000000000000
1111111111111111111111111110000000000000010000111111111100000000011111111111111111000011100000000000111111111111111111111110011111100000001111111111000000010000000000000000000000000000000000000000000000000000000000000000000000000000000000000000000000000000
0111111111111111111111111111000000000000001100011111111000000000000111111111111111000011100000000000111111111111111111111110001111100000001111111111000000100000000000000000000000000000000000000000000000000000000000000000000000000000000000000000000000000000
0111111111111111111111111111000000000000000111001111111000000000000000111111111111000011100000000000111111111111111111111110000111100000001111111110000001000000000000000000000000000000000000000000000000000000000000000000000000000000000000000000000000000000
0111111111111111111111111111110000000000000011100111110000000000000000001110000001000001000000000000011111111111111111111110000011100000011111111110000110000000000000000000000000000000000000000000000000000000000000000000000000000000000000000000000000000000
0111111111111111111111111111111000000000000001111011110000000000000000000111111000000001000000000000011100111111111111111100000001100001111111111100001100000000000000000000000000000000000000000000000000000000000000000000000000000000000000000000000000000000
0111011111111111111111111111111100000000000000111111100000000001111111111111111111110001000000000000001100011111111111111100000000100111111111111100011100000000000000000000000000000000000000000000000000000000000000000000000000000000000000000000000000000000
0011001111111111111111111111111110000000000000011111111111111111111111111111111111110001000000000000001001111111111111111100000000111111111111111000111000000000000000000000000000000000000000000000000000000000000000000000000000000000000000000000000000000000
0011000111111111111111111111111101000000000000001110000111111111111111111111111111110001110000011111111111111111111111111111111111111111111111111001110000000000000000000000000000000000000000000000000000000000000000000000000000000000000000000000000000000000
0011000111111111111111111111111111100000000000000100000000111111111111111111111111111101111000111111101111111111111111111111111111111111111111110011100000000000000000000000000000000000000000000000000000000000000000000000000000000000000000000000000000000000
0011001011111111111111111111111111100000000000000000110000001111111111111111111111110011111111111111100011111111111111111111111111111111111111110111000000000000000000000000000000000000000000000000000000000000000000000000000000000000000000000000000000000000
0001111011111111111111111111111111111000000000000000000111000001111111111111111111000011111111111111000001111111111111111111111111111111111111111110000000000000000000000000000000000000000000000000000000000000000000000000000000000000000000000000000000000000
0011111011111111111111111111111111111100000000000000000001111100001111111111110110000111111111111100000000111111111111111111111111111111111111111100000000000000000000000000000000000000000000000000000000000000000000000000000000000000000000000000000000000000
1111111111111111111111111111111111111111100000000000000000001111110011111110011110001111111111111000000000011111111111111111111111111111111111111000000000000000000000000000000000000000000000000000000000000000000000000000000000000000000000000000000000000000
1111111111111111111111111111111111111111111000000000000000000011111111011101011110011111111111110000000000001011001111111111111111111111111111111000000000000000000000000000000000000000000000000000000000000000000000000000000000000000000000000000000000000000
1111111111111111111111111111111111111111111111000000000000000000011111111101111100111111111111100000000000000110000011111111111111111111111111000000000000000000000000000000000000000000000000000000000000000000000000000000000000000000000000000000000000000000
0111111111111111111111111111111111111111111111110000000000000000000111111111111101111111111111111111111111111111111001110111111111111111111100000000000111111111111111111111111100000000000000000000000000000000000000000000000000000000000000000000000000000000
0111111111111111111111111111111111111111111111111100000000000000000000111111111111111100111111111111111100001000000001111111111111000111110000000000111001111000111111111111111111100000000000000000000000000000000000000000000000000000000000000000000000000000
0011111111111111111111111111111111100111111111111110000000000000000000001111111111111000011111111111111111111111110011111111111000000111000000000011000000111111111111111111111111111100000000000000000000000000000000000000000000000000000000000000000000000000
0011111111111111111111111111111111111111111111111111111111111111111000011111011111111000011111111111111111111111111101111111111111111100000000001000000000001111111111111111111111111111000000000000000000000000000000000000000000000000000000000000000000000000
0011111111111111111111111111111111111111111111111111111111111111111111111111101111110000011111111111111111111111111101111111110110000000000001000000000000111111111111111111111111111111110000000000000000000000000000000000000000000000000000000000000000000000
0001111111111111111111111111111111111111111111111111111111111111111001111111001111100000011111111111111111111111111111111111011111100000000011110000000011111111111111111111111111111111111100000000000000000000000000000000000000000000000000000000000000000000
0001111111111111111111111111111111111111111111111111111111111111110011111110000111100000011111111111111111111111111111111111101101110000000111111111111111111111111111111111111111111111111110000000000000000000000000000000000000000000000000000000000000000000
0000111111111111111111111111111111111111111111111111111111111111011111111100000111100000011111111111111111111111111111111101101111011000011111111111111111111111111111111111111111111111111111000000000000000000000000000000000000000000000000000000000000000000
0000111111111111111111111111111111111111111111111111111111111111111111111000000101011100011111111111111111111111111100011111111101111111111111111110000011111111111111111111111111111111111111100000000000000000000000000000000000000000000000000000000000000000
0000111111111111111111111111111111111111111111111111111111111111111111111111110010011111111111111111111111111111100100001111111110111111100011111111000000111111111111111111111111111111111111110000000000000000000000000000000000000000000000000000000000000000
0000011111111111111111111111111111111111111111111111111111111111111111111111101110011111101111111111111111111100000000000000001111010111000001111111100000001111111111111111111111111111111111111000000000000000000000000000000000000000000000000000000000000000
0000011111111111111111111111111111111111111111111111111111111111111111111111011100001111000111111111111111100000000000000000001111101011111100111100011111000111111111111111111111111111111111111100000000000000000000000000000000000000000000000000000000000000
0000011111111111111111111111111111111111111111111111111111111111111111111110111000001111000011111111111111111111111101111111111111111111111111100000111110011111111111111111111111111111111111111110000000000000000000000000000000000000000000000000000000000000
0000001111111111111111111111111111111111111111111111111111111111111111111111111000001110000001111111111111111111111100111111111111111111111111011111111100011111111111111111111111111111111111111111000000000000000000000000000000000000000000000000000000000000
0000000111111111111111111111111111111111111111111111111111111111111111111111110000000110000001111111111111111111111000111111111110111111111111111100111000011011000011111111111111111111111111111111100000000000000000000000000000000000000000000000000000000000
0000000111111111111111111111111111111111111111111111111111111111111111111111100000000100011110000111111111111111111000011111111111111111111111111111110000010011000001111001111111111111111111111111100000000000000000000000000000000000000000000000000000000000
0000000011111111111111111111111111111111111111111111111111111111111100111111100000000111111100011111111111111111111000011111111111111111111111111000000111100010000001110001111111111111111111111111110000000000000000000000000000000000000000000000000000000000
0000000001111111111111111111111111111111111111111111111111111111111000011111000000011011111000111111111111111111110000001111111111111111111111110011000000100000100011110000111111111111111111111111110000000000000000000000000000000000000000000000000000000000
0000000001111111111111111111111111111111111111111111111111111111110000001110000001110011110011111111111111111111110000001111111111111111111111110001111111000000111111100000111111111111111111111111111000000000000000000000000000000000000000000000000000000000
0000000000111111111111111111111111111111111111111111111111111111111100001110001111110001100111111111111111111111100000000111111111111111111111110001111111001111011111100000011111001111111111111111111100000000000000000000000000000000000000000000000000000000
0000000000011111111111111111111111111111111111111111111111111111101111100100111111100001011111111111111111111111100000000111111111111111011111110011111111101111011111100000011111000111111111111111111100000000000000000000000000000000000000000000000000000000
0000000000011111111111111111111111111111111111111111111111111111100111111111111111100001111111111111111111111111100000000011111111111110001111111110111111111000111111100011111111100011111111111111111110000000000000000000000000000000000000000000000000000000
0000000000001111111111111111111111111111111111111111111111111111000011111011111111000000111111111111111111111111000000000011111111111110000111110010011111111111111111111111111111100001111111111111111111000000000000000000000000000000000000000000000000000000
0000000000001111111111111111111111111111111111111111111111111111000011110001111111000000111111111111111111111111100000000001111111111110000011110000001111111111011011100111111111100000011111111111111111000000000000000000000000000000000000000000000000000000
0000000000000011111111111111111111111111111111111111111111111111111101110001111110000000111111111111111111111111111000000001111111111111000011000111111111111111010011100011111111100000001111111111111111100000000000000000000000000000000000000000000000000000
0000000000000001111111111111111111111111111111111111111111111111111101100000111110000000011111111111111111111111111100000000111111111111000011111101110111111111000001100011111111100000000111111111111111110000000000000000000000000000000000000000000000000000
0000000000000000011111111111111111111111111111111111111111110111111101000000011100000000011111111111111111111111000001110000111111111111100011111101100111111111100001100111100111100000000011111111111111110000000000000000000000000000000000000000000000000000
0000000000000000001111111111111111111111111111111111111111100010111001000000011100000000011111111111111111111100000001111100011111111111100001101111100011111111100000101111101111100001111111111111111111110000000000000000000000000000000000000000000000000000
0000000000000000000011111111111111111111111111111111111111100101111001111100001100000000001111111111111111111100000001110000001111111111110001101111000001111111100000111111101111111111111111111111111111111000000000000000000000000000000000000000000000000000
0000000000000000000001111111111111111111111111111111111111001001111111000000001000000000001111111110000011111100000001000000001111111111111001001111000000011111110000111111111111101111111111111111111111111000000000000000000000000000000000000000000000000000
0000000000000000000000011111111111111111111111111111111111011001111111111000001000000000001111100000000011111000000000000000000111111111111001001111100000001111110001111110111111100111111111111111111111111000000000000000000000000000000000000000000000000000
0000000000000000000000001111111111111111111111111111111110111111111111111111001000000000001000000000000001111000000000000000000111111111111101001111110000000111110011111100011111100011111111111111111111111100000000000000000000000000000000000000000000000000
0000000000000000000000000011111111111111111111111111111111111111111111111111111111111111110000000000000001110000000000000000000011111111111111000111110000000111111111111001001111100000111111111111111111111100000000000000000000000000000000000000000000000000
0000000000000000000000000001111111111111111111111111111011111111111111111111111111111111110000000000000001110000000000000000000111111111111111100011110000000100111111100011001111100000011111111111111111111100000000000000000000000000000000000000000000000000
0000000000000000000000000000011111111111111111111111111111111111111111111111111011111111110000000000000000110000000000000000000001111111111111100001100000000000011111000111000111100000001111111111111111111110000000000000000000000000000000000000000000000000
0000000000000000000000000000001111111111111111111111111111111111111111111111110011111111111111110000000000100000000000001000000001111111111111110000100000000000111110001110000111111000000011111111111111111110000000000000000000000000000000000000000000000000
0000000000000000000000000000000111111111111111111111111111111111111111111111110011111111111111111111100000100000000000000110000000111111111111111111000000000001111100011110000111111110000001111111111111111110000000000000000000000000000000000000000000000000
0000000000000000000000000000000001111111111111111111111111111111111111111111100001111111111111111111111111100000000000000111111111111111111111110111000000000010000000111110000111111111100000111111111111111110000000000000000000000000000000000000000000000000
0000000000000000000000000000000000111111111111111111111111111111101111111111100001111111111111111111111111001110000000000011111111111111111111110111000000001100001111111110000000111111111000111111111111111111000000000000000000000000000000000000000000000000
0000000000000000000000000000000000011111111111111111111111111111001111111111100000111111111111111111111111000111111100000001111111111111111111111111000000000100000111111100000111110000111110111111111111111110000000000000000000000000000000000000000000000000
0000000000000000000000000000000000000111111111111111111111111111000111111111100000111111111111111111111110000011111111110001111111111111111111111110000111101000000010001100111111111100000000111111111111111110000000000000000000000000000000000000000000000000
0000000000000000000000000000000000000011111111111111111111111110000111111111100000111111111111111111111110000001111111111111111111111111111111111110000111101000000000000111111111111111000000111111111111111100000000000000000000000000000000000000000000000000
0000000000000000000000000000000000000001111111111111111111111100000111111111100000011111011111111111111110000000111111111111111111110111111111111110000111101100000000000000000011111111100000111111111111111100000000000000000000000000000000000000000000000000
0000000000000000000000000000000000000000111111111111111111111100000011111111000000011111001111111111111100000000011111111111111111111111111111111111100111101100000000000000000000111111111000111111111111111100000000000000000000000000000000000000000000000000
0000000000000000000000000000000000000000011111011111111111111000000011111111000000001111000111111111111100000000001111111111111111111000011111111111111111101110000000000000000000011111111111111111111111111111000000000000000000000000000000000000000000000000
0000000000000000000000000000000000000000001111111111111111111000000011111111000000001111000011111111111100000000000011111111111111111000000011111111100111100101000000000000000000000111111111111111111111111111000000000000000000000000000000000000000000000000
0000000000000000000000000000000000000000001111111111011111000000000001111111000000001111000001111111111000000000000001111111111111111000000000111111100111100101000000000000000000000011111111111111111111111111000000000000000000000000000000000000000000000000
0000000000000000000000000000000000000000001111111111011100000000000001111111000000000110000000111111111000000000000000111111111111111000000000111101110011100100100000000000000000000001111111111111111111111111000000000000000000000000000000000000000000000000
0000000000000000000000000000000000000000001111111110010000000000000001111110000000000110000000011111111000000000000000011111111111111000000000111000000011110100110000000000000000000000011111111111111111111111000000000000000000000000000000000000000000000000
0000000000000000000000000000000000000000011111111110000000000000000000111110000000000010000000001111111111111111000000001111111111111000000000111000001101110000010000000000000000000000001111111111111111111111000000000000000000000000000000000000000000000000
0000000000000000000000000000000000000000011111111111111110000000000000100110000000000010000000001111111111111000010000000111111111111000000001110000001111110000011000000000000000000000000111111111111111111110000000000000000000000000000000000000000000000000
0000000000000000000000000000000000000000010111111111111111111111000000100110000000000010000000011111111111000100011000000011111111111000000001110000001111110000101100000000000000000000000001111111111111111100000000000000000000000000000000000000000000000000
0000000000000000000000000000000000000000010111111111111111111111111111100010000011111101111111111111111111111111111111111111111111110000000001100000001111111100011100000000000000000000000000011111111111111000000000000000000000000000000000000000000000000000
0000000000000000000000000000000000000000010111111111111111111111111111001111111111111101111111111111111100000111000000000111111111110000000001100000001111111110011110000000000000000000000000001111111111110000000000000000000000000000000000000000000000000000
0000000000000000000000000000000000000000010111111111111111111111111111111111111111111111111111111111111100000111111111111111111111110000000001000000001111111111101110000000000000000000000000000011111111000000000000000000000000000000000000000000000000000000
0000000000000000000000000000000000000000100111111111111111111111111111111111111111111111111111111111111111100110111111111111111111110000000001000000001111111111111111000000000000000000000000000001111110000000000000000000000000000000000000000000000000000000
0000000000000000000000000000000000000000100111111111111111111111111111111101111111111111111111111111001111111111111111111111111111110000000000000000001111111111111111000000000000000000000000000000111100000000000000000000000000000000000000000000000000000000
0000000000000000000000000000000000000000100111111111111111111111111111111100011111111111111111111111000111111111111111111111111111110000000010000000001111111111110011000000000000000000000000000000001000000000000000000000000000000000000000000000000000000000
0000000000000000000000000000000000000000100110111111111111111111111111111100001111111111111111111111000011111111111111111111111111110000000011000000001111111111110101000000000000000000000000000000000000000000000000000000000000000000000000000000000000000000
0000000000000000000000000000000000000000000100111111111111111111111111111100000111111111111111111111000011111111111111111111111111110000000011110000001111111101110101000000000000000000000000000000000000000000000000000000000000000000000000000000000000000000
0000000000000000000000000000000000000000000100111111111111111111111111111100000011111111111111111111000001111111111111111111111111100000000011111100001111101101111101000000000000000000000000000000000000000000000000000000000000000000000000000000000000000000
0000000000000000000000000000000000000001000100111111111111111111111111111100000000111111111111111110000000111111111111111111111111100000000011111110001110001111111101100000000000000000000000000000000000000000000000000000000000000000000000000000000000000000
0000000000000000000000000000000000000001000100111111111111111111111110011100000000011111111111111110000000111111111111111111111111100000000011111111101000001101111101100000000000000000000000000000000000000000000000000000000000000000000000000000000000000000
0000000000000000000000000000000000000000000100111111111111111111111110001100000000001111111111111111111111111111111111111111111111100000000011111111111000000100111100100000000000000000000000000000000000000000000000000000000000000000000000000000000000000000
0000000000000000000000000000000000000000000101111111111111111111111110000100000011111111111111111110011111111111111111111111111111100000000011111111111100000100011100100000000000000000000000000000000000000000000000000000000000000000000000000000000000000000
0000000000000000000000000000000000000000000111111111111111111111111110000011111111111111111111111110000111111111111111111111111111100000000011111111111111000100001100100000000000000000000000000000000000000000000000000000000000000000000000000000000000000000
0000000000000000000000000000000000000011111000011111111111111111111111111100111111111111111111111110000001111111111111111111111111100000000011111111111111110100000100100000000000000000000000000000000000000000000000000000000000000000000000000000000000000000
0000000000000000000000000000000000000011111000011111111111111111111111111100011111111111111111111110000000011111111111111111111111111111111111111111111111111100000100100000000000000000000000000000000000000000000000000000000000000000000000000000000000000000
0000000000000000000000000000000000000011110000011111111111111111111111111100001111111111101111111100000000001111111111111111111111111111111111111111111111111100000100100000000000000000000000000000000000000000000000000000000000000000000000000000000000000000
0000000000000000000000000000000000000011110000011111111111111111111111111100000111111111100111111100000011111111111111111111111111111111111111111111111111111110000100100000000000000000000000000000000000000000000000000000000000000000000000000000000000000000
0000000000000000000000000000000000000011110000011111111111111111111111111100000011111111100001111101111111111111111111111111111111111111111111111111111111110111000100000000000000000000000000000000000000000000000000000000000000000000000000000000000000000000
0000000000000000000000000000000000000011100000011111111111111111111111111100000001111111000000111100011111111111111111111111111111111111111111111111111111110111100100000000000000000000000000000000000000000000000000000000000000000000000000000000000000000000
0000000000000000000000000000000000000011100000011111111111111111111111111100000000111110000000011100001111111111111111110111111111111111111111111111111111110111110100000000000000000000000000000000000000000000000000000000000000000000000000000000000000000000
0000000000000000000000000000000000000011000000011111111111111111111100111100000000011100000000001100000111111111111111111111111111111111111111111111111111100111111100000000000000000000000000000000000000000000000000000000000000000000000000000000000000000000
0000000000000000000000000000000000000011111111101111111111111111111110011100000000001000000000000100000001111111111111111111111111111111111111111110111111100111111100000000000000000000000000000000000000000000000000000000000000000000000000000000000000000000
0000000000000000000000000000000000000011011111101111111111111111111111111111111111111100001000000111111100111111111111111111111111111111111011111110011111100011111100000000000000000000000000000000000000000000000000000000000000000000000000000000000000000000
0000000000000000000000000000000000000011001111111111111111111111110001111111111111111000001000000111111111111111111111111111111111011111111001111110001111110001111110000000000000000000000000000000000000000000000000000000000000000000000000000000000000000000
0000000000000000000000000000000000000011001111111111111111110000111111111111111111111000001000000111111111111111111111111111110111001111111001111111101111111000111111000000000000000000000000000000000000000000000000000000000000000000000000000000000000000000
0000000000000000000000000000000000000011000111111111111111111111111111111111111111111000001000000111111111111111111111111111110011001111111111111111100111111000111111000000000000000000000000000000000000000000000000000000000000000000000000000000000000000000
0000000000000000000000000000000000000001111011111111111100111111111110000111111111111000001000000111111111111111111111111111111111111111111111111111100011110011001111100000000000000000000000000000000000000000000000000000000000000000000000000000000000000000
0000000000000000000000000000000000000001111011111111111001111111111110000011111111111000000000000111111111111111111111111111111110111111111111111111100001100011000111100000000000000000000000000000000000000000000000000000000000000000000000000000000000000000
0000000000000000000000000000000000000001111011111111111111111111110111100011111111111100000000000111111111111111111111111111111100111111111111111111100001000011000011100000000000000000000000000000000000000000000000000000000000000000000000000000000000000000
0000000000000000000000000000000000000001111111111111111111111111100011111011111111111111000000000111111111111111111111111111111000011111111111111111100000000011000011100000000000000000000000000000000000000000000000000000000000000000000000000000000000000000
0000000000000000000000000000000000000001111111111101111111111111000011111111111111111111111000000111111111111111111111111111111111111111111111111111100000000010000001100000000000000000000000000000000000000000000000000000000000000000000000000000000000000000
0000000000000000000000000000000000000001111111111011111111111111111111111111111111111111111110000111111111111111110001111111100111111111111111111111100000000010000001100000000000000000000000000000000000000000000000000000000000000000000000000000000000000000
0000000000000000000000000000000000000001111111111111111111111111111111111111111111111101111111100111111110000001111111111111100011111111111111111111100000000010000000100000000000000000000000000000000000000000000000000000000000000000000000000000000000000000
0000000000000000000000000000000000000001111111111111111111111111111111111111111111111101111111111100000000000000011111111111000001111111111111111111100000000010000010100000000000000000000000000000000000000000000000000000000000000000000000000000000000000000
0000000000000000000000000000000000000001111111111111111111111111111111111111111111111100111111111001111111111111111111111111000000111111111111111111000000000001100010100000000000000000000000000000000000000000000000000000000000000000000000000000000000000000
0000000000000000000000000000000000000001111111111111111111111111111111111111111111111100111111111000011111111111111111111111000011111111111111111110001000000001111110100000000000000000000000000000000000000000000000000000000000000000000000000000000000000000
0000000000000000000000000000000000000001111111111111111111111111111111111110111111111000111111111000000111111111111111111011111110001111111111111100000100000001111110100000000000000000000000000000000000000000000000000000000000000000000000000000000000000000
0000000000000000000000000000000000000001111111111111111111111111111111111110011111111010111111111000000001111111111111111111111100001101111111111110000100000001111110100000000000000000000000000000000000000000000000000000000000000000000000000000000000000000
0000000000000000000000000000000000000001111111111111111111111111111111111100001111111010111111111000000000011111111111111111110001110001111111111111100010000001111110100000000000000000000000000000000000000000000000000000000000000000000000000000000000000000
0000000000000000000000000000000000000000111111111111111111111111111111111100001111111111111111111000000000000111111111111111100111100000111111111111110011000001111111100000000000000000000000000000000000000000000000000000000000000000000000000000000000000000
0000000000000000000000000000000000000001111111111111111111111111111111111000000111101111110111111000001111111101111111111110111111000000100000010000101101000001111011000000000000000000000000000000000000000000000000000000000000000000000000000000000000000000
0000000000000000000000000000000000000001111111111111111111111111111111111000000011101111111111111111111111000010000011111111111100000110000011100000011011100001110010100000000000000000000000000000000000000000000000000000000000000000000000000000000000000000
0000000000000000000000000000000000000001111111111111111111111111111111110000000001001111110111111111110000000110000101111111111000111000111111111111111111111001111011000000000000000000000000000000000000000000000000000000000000000000000000000000000000000000
0000000000000000000000000000000000000001111111111111111111111111111111110000000111111111110011111100000000001110001101111111110111111111111111111111111111111111110011000000000000000000000000000000000000000000000000000000000000000000000000000000000000000000
0000000000000000000000000000000000000001111111111111111111111111111111100000111110111111100001111000000000111110011100111111111110111111001111111111111110111111110110000000000000000000000000000000000000000000000000000000000000000000000000000000000000000000
0000000000000000000000000000000000000001111111111111111111111111111111111111111110011111111111111000000001111110111111111111000111111110000101111111111001111111111110000000000000000000000000000000000000000000000000000000000000000000000000000000000000000000
0000000000000000000000000000000000000001111111111111111111111111111111111111111110011111111110111000000011111111111111111111000111111100000111111001110001111110111100000000000000000000000000000000000000000000000000000000000000000000000000000000000000000000
0000000000000000000000000000000000000001111111001111111111111111111111111111111111111111111100111000000111111111111111111111001111110001111111111111100001111110111100000000000000000000000000000000000000000000000000000000000000000000000000000000000000000000
0000000000000000000000000000000000000001111111111111111111111111111111111111111111111111000100011000011111111111111111111111011111111111111111111111111111111111111000000000000000000000000000000000000000000000000000000000000000000000000000000000000000000000
0000000000000000000000000000000000000001111111111111111111111111111111111111111111111111000110011000111111111111111111111111111111111111111001011111100000111111110000000000000000000000000000000000000000000000000000000000000000000000000000000000000000000000
0000000000000000000000000000000000000001111111011111111111111111111111111111111111111111001100001001111111111111111111111101111111111111110001010000000000111111110000000000000000000000000000000000000000000000000000000000000000000000000000000000000000000000
0000000000000000000000000000000000000011111111111111111111111111111111111111111111111111011100011011111111111111111111111101111111111111100111111111111001111111000000000000000000000000000000000000000000000000000000000000000000000000000000000000000000000000
0000000000000000000000000000000000000001111111111111111111111111111111111111111110111111111110011111111111111111111111111111111111111111111111111111111001111111100000000000000000000000000000000000000000000000000000000000000000000000000000000000000000000000
0000000000000000000000000000000000000001011011111011111111111111111111111111111111111111111110111111111111111111111111111111111111111111111111111111111001111111111000000000000000000000000000000000000000000000000000000000000000000000000000000000000000000000
0000000000000000000000000000000000000000000111111101111111111111111111111111111111111111111111111111111111111111111111111111111111111111111111111111110111110111101000000000000000000000000000000000000000000000000000000000000000000000000000000000000000000000
0000000000000000000000000000000000000000000011111111111111111111111111111111111111111111111111111111111111111111111111111111111111111111111111111111111111100111101100000000000000000000000000000000000000000000000000000000000000000000000000000000000000000000
0000000000000000000000000000000000000000001011110011111111101111111111111111111111111101111111111111111111111111111111111111111111111111111111111111111111000111101100000000000000000000000000000000000000000000000000000000000000000000000000000000000000000000
0000000000000000000000000000000000000000001011110001111100001111111111111111111111111111111111111111111111111111111110111111111111111111111111111111111100100111111101000000000000000000000000000000000000000000000000000000000000000000000000000000000000000000
0000000000000000000000000000000000000000000111110000111110001111111111111111111111110111111111111111111111111111111110111111111111111111111111111111110011100111111110000000000000000000000000000000000000000000000000000000000000000000000000000000000000000000
0000000000000000000000000000000000000000000101110000011111001111111111111111110011110011111111111111111111111111111110111111111111111111111111111111100111100111111110000000000000000000000000000000000000000000000000000000000000000000000000000000000000000000
0000000000000000000000000000000000000000000101100000011111100111111111111111111111110011111111111111111111111111111110111111111111111111111111111111011111101111111110000000000000000000000000000000000000000000000000000000000000000000000000000000000000000000
0000000000000000000000000000000000000000000111100000011111110111111111111111111111110001111111111111111111111111111111111111111111111111111111111111111111111111111111000000000000000000000000000000000000000000000000000000000000000000000000000000000000000000
0000000000000000000000000000000000000000000011100000010001111111111111111111111111110001000000111111111111111111111101111111111111111111111111111111111111111111111111000000000000000000000000000000000000000000000000000000000000000000000000000000000000000000
0000000000000000000000000000000000000000000001100000000000111111111111111111111111111111111000011111111111111111111111111111111111111111111111111101111111111111111111000000000000000000000000000000000000000000000000000000000000000000000000000000000000000000
0000000000000000000000000000000000000000000000100000000000000111111111111111111111111111111111111110000111111111111101111111111111111111111111111111111111111111111111000000000000000000000000000000000000000000000000000000000000000000000000000000000000000000
0000000000000000000000000000000000000000000000000000000011111111111111111111111111111111111111110000000001111111111111111111111111111111111111111011111111111111111111000000000000000000000000000000000000000000000000000000000000000000000000000000000000000000
0000000000000000000000000000000000000000000000000000000011111011111111111111111111111111111100011111111111111111111111111111111111111111111111111111111111111111111110000000000000000000000000000000000000000000000000000000000000000000000000000000000000000000
0000000000000000000000000000000000000000000000000000000011100011111111111111111100111111110000111111111111111111001111111111111111111011111101111111111111111111111110000000000000000000000000000000000000000000000000000000000000000000000000000000000000000000
0000000000000000000000000000000000000000000000000000000011011101111111111011111111111111111100000101111000000001101111111111111111111011111100111111111111111111111100000000000000000000000000000000000000000000000000000000000000000000000000000000000000000000
0000000000000000000000000000000000000000000000000000000010011111111111111011000000000111110000000000000000000001100011011111111111111011111100011111111111111111111000000000000000000000000000000000000000000000000000000000000000000000000000000000000000000000
0000000000000000000000000000000000000000000000000001000011111111111111110110000000000000000000000000000000000000110001101111111111111011111000011111111011111111110000000000000000000000000000000000000000000000000000000000000000000000000000000000000000000000
0000000000000000000000000000000000000000000000000000100011111111111111111100000000000000000000000000000000000000110001100111111001001111111000001111111101111111000000000000000000000000000000000000000000000000000000000000000000000000000000000000000000000000
0000000000000000000000000000000000000000000000000000011011111110111111111000000000000000000000000000000000000000111001100011110000111110001000001111111101111110000000000000000000000000000000000000000000000000000000000000000000000000000000000000000000000000
0000000000000000000000000000000000000000000000000000011111011100111111111000000000000000000000000000000000000000011011101001100000010110111111110111111111111100000000000000000000000000000000000000000000000000000000000000000000000000000000000000000000000000
0000000000000000000000000000000000000000000000000000000010011000111111110000000000000000000000000000000000000000001100001100100000000010011111100011111111111000000000000000000000000000000000000000000000000000000000000000000000000000000000000000000000000000
0000000000000000000000000000000000000000000000000000000000111100111111100000000000000000000000000000000000000000000100011110000000000010111111000001111111110000000000000000000000000000000000000000000000000000000000000000000000000000000000000000000000000000
0000000000000000000000000000000000000000000000000000000000011111111111000000000000000000000000000000000000000000000000011111000000000011111110000001111001100000000000000000000000000000000000000000000000000000000000000000000000000000000000000000000000000000
0000000000000000000000000000000000000000000000000000000000000000001110000000000000000000000000000000000000000000000000011110000000000011111100000001101000000000000000000000000000000000000000000000000000000000000000000000000000000000000000000000000000000000
0000000000000000000000000000000000000000000000000000000000000000000100000000000000000000000000000000000000000000000000000011000000000011111000111100000000000000000000000000000000000000000000000000000000000000000000000000000000000000000000000000000000000000
0000000000000000000000000000000000000000000000000000000000000000000000000000000000000000000000000000000000000000000000000011100000000011111110010000000000000000000000000000000000000000000000000000000000000000000000000000000000000000000000000000000000000000
0000000000000000000000000000000000000000000000000000000000000000000000000000000000000000000000000000000000000000000000000000011110100011001000000000000000000000000000000000000000000000000000000000000000000000000000000000000000000000000000000000000000000000
